22764
23537
60866
26146
16701
7074
46595
51368
21886
48373
57265
40905
4544
55455
27308
14950
59443
16655
21564
51902
55670
25123
63391
58476
47499
37461
33380
30813
37916
16277
60625
24306
50359
44757
26787
51152
39859
19661
31918
38524
23493
62642
31182
43217
8262
48848
49106
49884
50675
51572
32692
51515
18611
29322
38354
39330
36412
54315
31499
7984
14364
16915
39263
51164
40255
32246
61296
47061
19662
23902
30990
39230
42767
28910
22926
45286
61121
43854
2437
38178
19093
6567
33967
2473
11526
2204
37109
50171
32146
50105
5179
17911
15035
53773
7928
16922
34146
50682
56573
46184
38249
34771
16215
48879
51731
22379
39215
34527
16347
32812
63826
35360
18037
4602
6552
54006
1482
36743
55382
55837
13612
56468
21830
65042
11777
17616
44623
2577
57336
62009
41136
3869
22984
55466
56060
42838
9131
2
58442
56870
37297
13992
9970
18628
20615
57416
57809
8299
43310
38879
44088
21640
35852
19810
30431
56728
13176
65124
55713
2914
48722
686
21129
61735
15786
33143
22872
27237
25228
9938
49950
55614
58158
49795
34363
46759
18261
34408
6205
14964
39630
4921
9975
53367
26826
6794
38116
11863
52228
52567
22807
48645
37805
37610
5169
43160
54636
7408
61783
14230
28162
8053
21211
64834
11878
1616
6659
25004
55026
33186
18121
55390
46920
49334
41784
19392
19669
33252
3371
50649
40123
38802
19505
15474
11699
16900
48893
48807
27673
25606
18462
20051
13226
35121
60141
3691
6124
22724
25618
25253
33786
4889
35578
19224
46303
19095
32525
63926
1189
8048
2887
1635
43206
55340
30773
4798
29168
64398
24320
22255
56973
54257
21177
53077
55850
1064
12099
21900
21296
6923
4614
14580
48009
43336
59248
12538
63756
38096
48166
12560
64765
21250
49493
35067
32819
28220
915
18110
24655
41348
64269
22451
2953
50502
21700
59140
55534
26509
3993
52891
15319
57370
26428
7979
26679
60011
8822
12929
17183
48284
64757
62146
48416
26359
52677
61539
58324
15529
11861
6443
55954
38718
10697
56092
22736
29702
31762
53469
29918
63701
13255
49195
9239
42239
58305
22705
35854
57333
45450
18454
43988
18697
24283
35304
1547
63463
20005
25892
24088
6907
34690
65475
45261
44391
62382
27010
52542
30899
39260
13266
8732
9192
21764
15351
55309
39476
43061
63587
24459
49920
12775
2252
31217
3216
45391
50340
5810
7513
7915
14985
20708
38707
8077
22632
29409
61160
33305
31910
16360
12897
30181
22442
19133
13397
1078
2141
54812
65009
5817
41010
30097
59842
60942
33317
19420
14242
35341
17917
38201
54126
51263
15522
63597
2198
14272
21831
34546
52959
6995
52219
7215
41414
17962
45929
64128
36738
23864
29409
48196
34686
12502
47567
25702
22014
61522
6356
5688
7231
46653
28871
40235
9629
38849
10060
58132
29571
61088
41464
1255
14222
60315
57826
15069
13645
47495
21675
61324
61406
10022
35764
27260
58246
12907
43073
29613
25714
8801
62076
30591
8837
34970
27521
29368
39517
26458
50728
24126
48708
26973
16798
55007
64078
6959
31217
20545
1578
9956
40970
36904
8469
57766
18991
23052
49511
59796
29326
53089
7504
63948
26740
57498
28225
33956
48442
23277
24537
37122
15786
22573
46816
64058
9739
40621
8324
45400
10291
28486
1643
22112
60032
17782
48448
16178
6747
43498
61829
19347
26463
49100
42410
12694
907
4733
46468
59074
878
6381
47524
36745
64783
14045
27117
50165
65506
57427
40334
50290
51560
8590
40967
26614
27590
47914
27416
35941
21358
24590
5276
50877
14746
26244
20966
4280
32965
28863
51251
35184
16621
36912
12139
52323
55656
9183
19042
23091
51130
61817
57782
30458
15436
38028
17654
22317
2491
33865
7464
33856
5969
24531
23570
53603
5643
32868
55602
48561
24353
43316
18586
42855
17851
2996
64675
6770
53655
19755
43626
57067
32827
11754
52777
16784
58321
23454
28732
39869
31937
42208
53759
4471
6945
38220
56139
13756
12804
44166
10739
7945
30300
12428
5373
64203
45042
43585
16704
24015
64338
39684
1330
7375
45383
61708
35298
2569
29292
18217
38913
26428
19747
32956
21856
31930
55470
54687
59894
39630
21246
47162
24377
51428
5805
5093
57898
47439
1445
28573
29540
57493
6438
23245
39362
7859
7192
54365
47009
34679
32331
53421
37023
65481
10610
44841
33401
34816
43266
62561
5987
51799
53050
28680
22318
30594
12686
40812
34573
60773
26559
31429
37394
54441
22904
24290
54984
50172
10337
45799
36059
29487
24225
39912
57527
47026
5614
13224
34574
63186
18398
36334
11989
13245
34664
30111
27279
38609
2938
23026
31039
44132
24041
57644
39134
33415
48775
4980
5999
53767
35444
61890
18859
1752
53731
36071
34368
544
62689
39850
42929
912
16448
1730
52435
11248
22851
39642
50452
22260
63151
54665
64155
43443
15210
44786
46244
42250
44912
2148
12589
660
41567
36231
37319
18290
60682
62246
44187
9411
59397
33100
1267
16834
49635
16344
1400
27225
35638
16818
57067
52682
38642
54557
30669
42739
40200
35869
47412
29239
12846
28697
21145
36655
5140
27855
9839
40289
54229
18857
54181
1656
2792
62222
57745
27995
24513
32765
39881
17090
45312
16698
38692
42366
11855
18190
38886
16681
32748
34517
22536
53508
20122
4960
45882
47516
6276
30631
33121
14712
47631
3090
59337
39672
1606
16525
59821
42763
14231
4656
18949
7234
35152
53149
28455
55310
29406
38090
31983
39658
29060
33439
38900
15400
6771
14912
37978
53567
1991
62482
53451
50945
44491
8384
51984
27517
64628
44098
64252
40319
611
6393
39669
42277
21613
61714
26403
63443
28031
51048
46454
25474
22626
52370
3547
53727
61017
2520
4824
13702
39995
42878
54330
60103
43691
22505
53045
48239
20157
33333
60920
9141
36329
5827
54339
17367
9173
60379
64385
34061
57763
320
24360
47902
22050
21655
22108
4279
17364
55093
18938
54612
28327
15676
6800
3876
30237
32686
41143
53260
48070
5052
57363
46142
7990
43831
29127
17613
41696
16698
50009
53360
48651
52357
64091
29690
16969
2976
20615
49498
48214
61234
18240
43883
11100
29184
8436
64773
50340
36157
8938
50709
22252
6195
32489
24975
15903
1429
45530
17775
55394
43889
12253
60071
5768
48868
28325
12421
15913
59105
39313
36183
53560
21324
20276
47063
87
33879
53956
49656
10258
23267
48395
39030
55469
